8772494861577484939820992800548277458549230792642335262770148268382325938742108286294189828903473583
7208428221261121355124067652628301148318681385401079698822427402084106921482778440767808361985219868
2987606609387121772034834899475483403891888010119163586996350656776255678437825732972180175123368219
5593390276017031211780315630785315650259163054405767341561479915276701190305834576855865016342086194
1494206137690328375816494505527356315977443765100913306187971683190362581072081507958129549043547541
7225324466127686468492402935137464232335977718904995532959076232190285134797823685232290939775880227
2775833350830774021039793093760997088462598809876246437843481962338312314365358749750530433033636239
2015274981834561390080645552515560293752200873632198526470606905950910218493425728347540958316397529
3363865480494410084253892207856771317827050915260663513132463584334657471701636614306519745082930727
9617138464863529849893201008852759379777694759186893286417786789559270872669330600162703038104164165
8379558097230606377447202849289035211982625992259092481975250302082899110903616506594527464085704682
3771879124607686526141832633545675720464813623762467862401129047160815283472790866944657006901007692
6737918904922380052353491489286259111716780510429653045937288485448184400681482201393326463130315470
7090382499608223064170154441627939399566628541794952464876849074105298477825623997600636296171768443
4029166367351993750104343265989298142818017390610021241001461505457512526525582949656699222920611209
1642924514048133113770784499022169523140088229913257601675760790075429278059111061255351237937545720
4253947178292070805279294589155245621821585612311749175130940468818870615919281379649199761552012651
2410822740389042083737102237289721212990889193055571632114874680752771536196451436732762608362608917
2419738778554923577304867447580362117722978770654441675353794083782362424804339883298427181157155476
6878380720560489182563423836702747162718585606752592415329649488969196786257534083460306209756280255
8637810819403000114358112614193368655414401833547765720377494846704930057218449921566383259148459940
9994839811076472012748692222091440883055876740394618016085122486698904611934617172807425529225663205
2569308389349004467918960878687036735383437154180507911837567853405970861604888536526939024953561682
5935032528527863952802559040819732341986085667933915918799647523263162311362376607066803826570884851
4582495543408823239470863325169042770803678565759321369494581350425009954163790428505902793571407306
3183160485703921790282294169708792545180576856590077822447652092012606736654837126965187992590596076
9149221212257706606782380117126457028071224796773177335392833265244057341427089858520500656048498229
9012900675204929354198727626355676580298054109769578505442025630002655783776253333924214728170771020
6290052243187665935398170424206055762422911763802465862527040226039607937113474884348380513747309207
9456385132899028985940916904078834285267857822250381756514436370104618551549886834988065422056252440
3915806216029040196945721096432556567869517511623244636256948826637839111797395491961849498703607707
4214784294655843241833888999241508036978357101611363710021675755379272090251172119229231651197629296
9663188677039763037527204036921625380745489136182325868925738504109911370400384489834616384733258520
1874442105808060446011445245706961758140487304021436930787274507937434212312012295432630150195897150
4151741500067938175015722046930727827990879831977817572113746326399193510207415440851146769778721200
6556555513537201546555373980987063793489410993020192943536702394847378513033517805656254842219905009
8515566865648547697159782489928323396948348411992704239512677345910743920305630039708800153963753609
1490138907831140046832511400926299605925023797254208412577293996083096858698950036145937855964638890
8595942002578868718122942234923458964466853929962029474127335352757002334547032413855477822384358084
6858463945179960761449410100874846655422912939296226814444493576493103333758834225998791207474725035
5174868319003246930922924060264952053357825501963966705999483697176694982162867723893990146004148701
5302764518487322150612972600324204270469017860021295640434424652737405166028161258460580432626426236
4514406145797726453269043777395322148778737014239216699925791902367340423067456850803179465290592581
3105502125356731347442720637288721374157531056588517504233095571754771207830533826292238529532320533
5318223645837396170048568290756721881077596373629755970890782500706145748983876691374116503214762922
9944018021180490541678192745816450768142377866459553820655546029622657316044939186053338599944653710
3161936170548447543036887705619528466630106504588162470968840821728950344778188747775439234155719278
4318376550606850594934311252663663727577062866470332633125665928207979163150335155321133122202955166
5954538117091774434213397191493447915830789413125150827937594529105601616242606788853940041596540889
8464408311580486946735094221796403291524862730554955866875416621132660231993467248216093432070593024
9128689841202722416019216773481030952675560922799942001990773471862601764589067125189520944441492034
2194235449311995757835702097739038190273049097467177754484831549408492320592018612793757017558117605
4670995453471801398322027403962170988679615481058999488357425957057328782398548162171615609332645727
9928982954512158214944548345710032613946854248442891136292693602781900172937823012124246615843718560
3950882576363979868535154593540793920884438651285975717949136841494117740797233982520198737160482656
9923605488375754232069168755423378387331717577933378335839177611471993681204789380104871234101842913
9823873538153891951087353993510518236471440507587578312375593653204640142947164294910658422782856858
7117542132518949885687054066857575934176885206653850925801815754469167350586458514739798931358733359
2540191238873502726356573648776026414390577049643653204589185515792519777459493962870794374888530834
5714783270937175194016697791685565558631689976094594941348507835294930210761774202677877051508798563
8757793142745481173730489005665463155884967574361771440407746690258910329805377845481436515301908206
2297494040601048733661232686518137338901817442780561024988813917553250924246218588582577726980117782
6556679844852206235612635260592096949584807624550649250216940760030926288490213527094496305471459048
1657892108623007393154246265339647188313444711217110345206946428180061436781264289199918885827143490
2514514247860891180541643224088879975825880186629466686761338519249272763548816320737756583749380940
5910446254447860224124560791763724568011634305466061912875119471027682318612328387093458230082279795
3469221779041690849521006764388368418186283130737779487532314374024085648370639990798473113569028147
9838053370470892601100256610478231509951032062292775906914199500442841155513174006915068187379683777
3107516521995416286630637449798417375838314130679422027251449431107013708008366487344547991513721020
5226707510058570278463201728100668052032483888774582988347861154052546596358719558918504382856748454
2927422282392832901760799688562117736753212326838288267884894058333321564662125350468040269401783655
4927290838879462353787629352662068852887165884249002270980743409109428912217602044800384934497467075
3433768785105508254460308420780920696681319228564220729092876192950640326872495013528240822610344846
3951110328053714406093287885801179751529421484380425687186047304775437054425163636541751792335644239
9465654609467708052095231374797074005535067439079901078532369296531256833562851183268833060212009733
5929699191166293995603806921373698968165807473755672350111706891218892967462962396616386076065290075
6750574874266962717522699203170293991982844273664787830978308403590596089595318577602321888884018568
2793639098854765552571108452513996753943497365941882745956434554174601972895367519206045806064069832
7170924668154852181542702016329401282731293717676258223080540507506722496071564423261282846386411021
3619480049053256348414406561421953902808300852033883500199463213252426640766871817044522677186426299
8780126586283811390756008729469288031101078653284118221591682083781997578936600799910311577731702916
8002800452783952799020842205367418008560169020982825045070019341405545617580733980396027510230669011
1839792619644184283928471648164381186508033862564071442214570068162009585789792349134013160026153320
1907597464563095454738890509918845959907314116298015485318273910806991863018004870857910771523106242
7565625088522850985478577823097332606714150486388020872500650040429955329637342336319105273332566803
3727821416346147506982894639084317979375073234292506947716278516623516709121383668608301239916836308
1877810748885850617092581747554164532286727923516182019490202217180575524637878145463918888986941441
8759177132072132315794366590993916399569104498504891479297510104896720690767900421102852430296382613
2712282202251214447348136399994927309171608433624008601271923691390401733151407456432036524521726397
1872851652526228065518013254590468012291146828695658653095891899867487743567406111052761251046937871
5260703594788597889211418372494381068232822867463620716430054730321944068346610948220023519227531868
8311241748194624359348690930906591004950675358707883236353050192305243008723264009148248083706468386
6543470650659151509330404493115046206997212499270111262117051593936527380858602259034730398541150452
8757876790666514912437066482315361980804405770237391318630431404954419001697646610886829882385928200
3457807594013443253056140826675877165512611727447271855744850349668584562147201834794745562028439594
9623812587032050895149895134568748449984504923253697676540332595591845568703045337108086869932400955
1942412856382932933891515621962994617988978969289125657567284122391591028712525061664000397882812336
1145379369523049636870945284015994506412661016930916277758113301353329032170156350809789682044147957
4534351494986412159456506800839572686785841718239878496502487133844188321771001123696700382080094674
2537270297496401987628222515462201683372228604465218079078656694515961036012203459149496464000763314
